# Blender v3.0.0 OBJ File: 'Plush.blend'
# www.blender.org
mtllib Plush.mtl
o Cube_Cube.002
v 0.235617 1.383720 -1.823292
v 0.235617 1.613238 -1.619525
v 0.235617 1.853070 -1.912328
v 0.235617 2.067775 -1.803449
v 0.235617 1.901081 -1.572717
v 0.235617 1.780569 -1.380653
v 0.139216 1.613238 -1.619525
v 0.139216 1.383720 -1.823292
v 0.139216 1.853070 -1.912328
v 0.139216 2.067775 -1.803449
v 0.139216 1.901081 -1.572717
v 0.139216 1.780569 -1.380653
v 0.139216 1.383720 -0.096583
v 0.139216 1.613238 -0.300350
v 0.139216 1.853070 -0.007547
v 0.139216 2.067775 -0.116426
v 0.139216 1.901081 -0.347157
v 0.139216 1.780569 -0.539222
v 0.235617 1.613238 -0.300350
v 0.235617 1.383720 -0.096583
v 0.235617 1.853070 -0.007547
v 0.235617 2.067775 -0.116426
v 0.235617 1.901081 -0.347157
v 0.235617 1.780569 -0.539222
v 0.172074 -0.484737 -0.903704
v 1.031780 0.422016 -0.341059
v -0.118220 0.422512 0.143225
v -0.708567 0.499191 -0.898818
v -0.137725 0.410908 -1.985618
v 1.028617 0.425138 -1.454593
v 0.503453 1.375612 -0.049182
v -0.441630 1.336995 -0.399925
v -0.447477 1.341218 -1.401930
v 0.510993 1.382962 -1.772297
v 1.070093 1.337014 -0.899519
v 0.229776 1.998530 -0.898029
v -0.092386 -0.203667 -0.098481
v 0.821508 -0.200193 -0.437302
v 0.549755 0.356730 0.113161
v 1.135603 0.265292 -0.900514
v 0.796748 -0.174227 -1.353785
v -0.550710 -0.057377 -0.896759
v -0.546141 0.385864 -0.359556
v -0.109746 -0.236117 -1.729800
v -0.579976 0.380003 -1.446821
v 0.551053 0.350262 -1.922463
v 1.119778 0.885084 -0.619026
v 1.113167 0.884482 -1.176706
v 0.234966 0.938236 0.142991
v 0.809625 0.928994 -0.108943
v -0.642613 0.921472 -0.620838
v -0.332400 0.915364 -0.110303
v -0.352928 0.919824 -1.709435
v -0.647056 0.921589 -1.178883
v 0.808915 0.929041 -1.690531
v 0.234311 0.944899 -1.969429
v 0.880149 1.429917 -0.427384
v -0.020699 1.437341 -0.098355
v -0.540456 1.402153 -0.898832
v -0.031469 1.455269 -1.725992
v 0.871626 1.424044 -1.366913
v 0.387923 1.813376 -0.415123
v 0.746675 1.783663 -0.899257
v -0.179564 1.758482 -0.598901
v -0.187528 1.771780 -1.201444
v 0.391042 1.846047 -1.396070
v -0.036123 -0.372203 -0.305528
v 0.089234 -0.481719 -0.668465
v 0.935646 -0.011957 -0.368533
v 1.016742 0.258234 -0.339686
v 0.334914 0.352167 0.207966
v 0.037070 0.380340 0.212740
v 1.134544 0.279429 -0.710606
v 1.092102 0.351720 -0.473488
v 0.917628 0.003729 -1.419628
v 1.008207 0.263849 -1.452562
v -0.401839 -0.254740 -0.896834
v -0.078211 -0.445841 -0.900675
v -0.632104 0.413869 -0.541550
v -0.697691 0.462053 -0.768538
v -0.037293 -0.389041 -1.508935
v 0.092469 -0.475998 -1.139814
v -0.487180 0.358888 -1.647730
v -0.295930 0.369808 -1.888101
v 0.748697 0.369948 -1.793681
v 0.948076 0.402153 -1.586908
v 1.111689 0.733126 -0.533742
v 1.077374 0.538178 -0.417583
v 1.121047 1.039402 -1.093667
v 1.103348 1.231510 -0.976011
v 0.131273 0.778820 0.178986
v -0.020559 0.554453 0.182816
v 0.723970 1.076776 -0.061414
v 0.593122 1.265347 -0.038060
v -0.682764 0.784617 -0.704014
v -0.710123 0.605721 -0.822037
v -0.383397 1.059521 -0.190649
v -0.428996 1.236949 -0.312673
v -0.304007 0.762838 -1.806888
v -0.214887 0.543767 -1.929329
v -0.602376 1.059308 -1.258742
v -0.516523 1.237158 -1.352896
v 0.898468 0.779231 -1.631401
v 0.994583 0.565766 -1.529903
v 0.331645 1.096428 -1.935965
v 0.448944 1.278669 -1.850960
v 0.778968 1.432939 -0.285003
v 0.617709 1.408264 -0.123711
v -0.180786 1.420694 -0.165218
v -0.358231 1.376116 -0.297815
v -0.535985 1.398347 -1.063480
v -0.494506 1.371288 -1.277239
v 0.140347 1.462279 -1.789039
v 0.376386 1.428356 -1.805858
v 0.961195 1.409276 -1.225493
v 1.045827 1.372074 -1.025767
v 0.432637 1.698878 -0.271596
v 0.482268 1.508425 -0.115575
v 0.599846 1.900111 -0.898489
v 0.375672 1.993445 -0.897948
v -0.288874 1.641431 -0.514891
v -0.398588 1.460128 -0.431429
v -0.294282 1.649135 -1.284483
v -0.402617 1.464520 -1.368230
v 0.438514 1.729144 -1.543962
v 0.489977 1.522555 -1.705677
v -0.134628 0.258883 0.139830
v -0.133536 -0.020568 0.053646
v 0.376468 -0.485064 -0.760317
v 0.668254 -0.367895 -0.549839
v 0.945946 0.400629 -0.212190
v 0.743623 0.372795 -0.013980
v 1.084708 0.356247 -1.322403
v 1.131203 0.280825 -1.089427
v 0.376808 -0.473667 -1.048446
v 0.651637 -0.340086 -1.249322
v -0.700159 0.365258 -0.898152
v -0.647518 0.129644 -0.896959
v -0.260709 0.384008 0.046626
v -0.443262 0.369197 -0.172627
v -0.157750 0.238982 -1.988416
v -0.159166 -0.056844 -1.898963
v -0.703215 0.461547 -1.029042
v -0.652157 0.411220 -1.258191
v 0.030410 0.369135 -2.049142
v 0.335595 0.343223 -2.025640
v 1.106542 1.232581 -0.822617
v 1.127925 1.040629 -0.703530
v 1.075351 0.539885 -1.377782
v 1.108369 0.733147 -1.261281
v 0.442033 1.270896 0.026407
v 0.329329 1.088404 0.109759
v 0.993153 0.563478 -0.266995
v 0.897561 0.777687 -0.166603
v -0.510857 1.234747 -0.448518
v -0.598132 1.059048 -0.541123
v -0.191165 0.550097 0.089918
v -0.279978 0.761263 -0.021478
v -0.438516 1.241707 -1.493271
v -0.399411 1.064446 -1.622795
v -0.711650 0.605672 -0.976506
v -0.686796 0.784676 -1.095734
v 0.599728 1.267035 -1.775985
v 0.725175 1.075352 -1.740784
v -0.030305 0.550401 -2.018644
v 0.128642 0.781827 -2.006718
v 1.050726 1.374436 -0.772876
v 0.971483 1.415107 -0.570463
v 0.371368 1.413803 -0.024890
v 0.146695 1.441787 -0.043334
v -0.491153 1.368622 -0.522298
v -0.535191 1.397510 -0.734547
v -0.365124 1.382467 -1.506056
v -0.191017 1.432927 -1.648347
v 0.623562 1.410094 -1.687413
v 0.776781 1.428895 -1.512004
v 0.274433 1.990918 -0.769644
v 0.342095 1.918220 -0.562748
v 1.015433 1.462402 -0.899825
v 0.880475 1.654808 -0.900004
v 0.113486 1.973934 -0.817748
v -0.062445 1.870678 -0.689252
v 0.110923 1.982461 -0.978478
v -0.070567 1.886409 -1.109589
v 0.274568 2.004706 -1.028135
v 0.344555 1.947609 -1.243475
v 0.668761 1.842682 -1.049696
v 0.519195 1.878841 -1.258077
v 0.809736 1.710420 -1.050212
v 0.859804 1.559182 -1.247044
v 0.562392 1.767315 -1.405266
v 0.762500 1.580429 -1.392770
v 0.207971 1.886960 -1.369790
v -0.037207 1.846710 -1.286541
v 0.258147 1.779599 -1.528733
v 0.079509 1.608860 -1.669641
v -0.155945 1.717476 -1.379582
v -0.091643 1.585332 -1.601281
v -0.213198 1.803311 -1.023149
v -0.208954 1.796885 -0.772809
v -0.323678 1.688927 -1.110999
v -0.470050 1.534867 -0.984235
v -0.319538 1.683091 -0.686074
v -0.469549 1.534040 -0.812314
v -0.026031 1.821806 -0.519753
v 0.212006 1.850124 -0.443284
v -0.146231 1.701347 -0.426006
v -0.080569 1.567228 -0.215126
v 0.259591 1.741804 -0.292259
v 0.089015 1.582406 -0.157196
v 0.515351 1.858994 -0.545260
v 0.667731 1.840513 -0.748128
v 0.558680 1.747319 -0.399010
v 0.765172 1.581778 -0.403824
v 0.813606 1.714536 -0.748154
v 0.868120 1.566342 -0.549205
v 1.067376 1.054328 -1.250581
v 0.966939 1.274267 -1.330173
v 1.056539 0.907282 -1.335889
v 0.930635 0.925989 -1.548159
v 0.874613 1.279613 -1.475273
v 0.849024 1.074610 -1.607711
v 0.142805 1.105299 -1.936563
v 0.032029 1.315904 -1.836504
v 0.039926 0.946207 -1.951359
v -0.206229 0.933741 -1.839564
v -0.136855 1.303451 -1.760256
v -0.268772 1.082383 -1.751175
v -0.642561 1.067269 -1.097724
v -0.598918 1.266368 -0.981645
v -0.679002 0.927720 -1.015919
v -0.677583 0.927777 -0.784404
v -0.598181 1.266244 -0.817019
v -0.640788 1.067564 -0.701706
v -0.251682 1.074854 -0.069410
v -0.123926 1.290701 -0.061487
v -0.189240 0.927252 0.012183
v 0.046951 0.938738 0.121818
v 0.041593 1.300044 0.006401
v 0.147110 1.094696 0.106314
v 0.855724 1.078271 -0.185770
v 0.884389 1.285530 -0.316440
v 0.937115 0.926704 -0.245082
v 1.065524 0.908105 -0.456792
v 0.979367 1.279330 -0.462466
v 1.078860 1.056660 -0.543039
v 0.666196 0.934787 -1.820367
v 0.426692 0.942862 -1.940781
v 0.760130 0.779064 -1.776116
v 0.657814 0.541821 -1.875930
v 0.332426 0.782351 -1.995996
v 0.465733 0.536081 -1.981918
v -0.474809 0.914122 -1.562234
v -0.595477 0.915678 -1.341409
v -0.439801 0.758185 -1.651402
v -0.535732 0.534909 -1.541968
v -0.646614 0.773133 -1.257490
v -0.619003 0.551068 -1.363829
v -0.585968 0.914701 -0.459740
v -0.456497 0.911018 -0.248165
v -0.636520 0.772979 -0.542093
v -0.596998 0.553083 -0.437145
v -0.413137 0.756741 -0.164401
v -0.502902 0.537874 -0.266203
v 0.424046 0.937362 0.121160
v 0.663150 0.932215 0.011811
v 0.330486 0.779176 0.174885
v 0.462774 0.537395 0.165991
v 0.756043 0.777248 -0.030328
v 0.652448 0.542587 0.063820
v 1.152960 0.869140 -0.784025
v 1.149726 0.869134 -1.014439
v 1.149323 0.701070 -0.698660
v 1.157116 0.442413 -0.812282
v 1.146888 0.701054 -1.098724
v 1.157058 0.442251 -0.986964
v 0.755617 -0.065397 -1.594615
v 0.648523 0.165057 -1.833320
v 0.601708 -0.269127 -1.534914
v 0.201502 -0.323668 -1.721149
v 0.413171 0.141806 -1.972298
v 0.123449 -0.140024 -1.920394
v -0.353957 -0.081892 -1.681739
v -0.529383 0.191903 -1.547539
v -0.314368 -0.239848 -1.495262
v -0.491010 -0.153271 -1.137279
v -0.616601 0.233702 -1.323225
v -0.610209 0.048440 -1.096724
v -0.595315 0.052976 -0.698071
v -0.586120 0.240043 -0.478216
v -0.476707 -0.143623 -0.659781
v -0.290125 -0.214362 -0.318361
v -0.483920 0.206321 -0.268547
v -0.312149 -0.049655 -0.147685
v 1.094996 0.091919 -1.012666
v 0.956609 -0.088575 -1.202045
v 1.100835 0.088865 -0.790270
v 0.977453 -0.107910 -0.594729
v 0.842290 -0.247165 -1.094885
v 0.856622 -0.265195 -0.708640
v 0.122542 -0.118602 0.098064
v 0.413362 0.155346 0.166694
v 0.195431 -0.319911 -0.090020
v 0.620525 -0.296758 -0.256837
v 0.652165 0.173917 0.032625
v 0.777530 -0.076825 -0.194137
v 0.428320 -0.471331 -0.503362
v 1.050190 0.110007 -0.454647
v -0.141374 -0.411914 -0.549547
v -0.258150 -0.378853 -1.071020
v 0.208620 -0.470476 -1.383985
v 1.137014 0.418193 -0.601268
v 0.206674 0.477370 0.237320
v -0.680573 0.530488 -0.642443
v -0.406431 0.467144 -1.768090
v 0.862668 0.501010 -1.709922
v 1.067333 0.702833 -0.397084
v -0.034645 0.717256 0.156297
v -0.709844 0.740274 -0.842006
v -0.175344 0.712448 -1.928409
v 1.003484 0.719422 -1.506103
v 0.658772 1.523318 -0.222428
v -0.270207 1.488143 -0.273960
v -0.479007 1.474923 -1.180609
v 0.281253 1.550072 -1.756178
v 0.979228 1.480600 -1.094072
v 0.530807 1.933826 -1.103465
v 0.771518 1.706699 -1.204491
v 0.662746 1.525670 -1.581604
v 0.109294 1.940863 -1.243820
v 0.085547 1.749546 -1.546841
v -0.276848 1.496497 -1.529993
v -0.134021 1.873281 -0.897150
v -0.381415 1.666294 -0.960464
v -0.477335 1.472792 -0.617152
v 0.117539 1.909821 -0.562843
v -0.025938 1.703243 -0.314795
v 0.281427 1.526176 -0.076936
v 0.526438 1.922713 -0.695733
v 0.699456 1.723993 -0.487785
v 0.987262 1.485692 -0.704546
v 1.051345 1.210638 -1.216464
v 0.985576 1.020364 -1.439308
v 0.723035 1.220928 -1.700988
v 0.178437 1.262226 -1.903017
v -0.083193 1.049557 -1.889984
v -0.363702 1.214960 -1.617617
v -0.605812 1.211174 -1.120278
v -0.673506 1.024030 -0.899823
v -0.577382 1.202018 -0.567891
v -0.259652 1.224146 -0.114971
v -0.070424 1.040210 0.061839
v 0.304484 1.239387 0.074330
v 0.810314 1.230214 -0.185134
v 0.998376 1.023080 -0.351333
v 1.100543 1.200912 -0.687485
v 0.548558 1.037243 -1.880970
v 0.630172 0.721764 -1.891806
v 0.206145 0.473873 -2.062429
v -0.531441 1.008886 -1.451129
v -0.541654 0.703114 -1.514004
v -0.689314 0.529720 -1.156001
v -0.520228 1.006986 -0.353241
v -0.583791 0.709076 -0.405637
v -0.366266 0.475810 -0.060238
v 0.544498 1.033319 0.066381
v 0.496504 0.719340 0.144672
v 0.856665 0.500257 -0.095445
v 1.156271 0.978570 -0.899746
v 1.168344 0.620449 -0.840045
v 1.134577 0.419244 -1.196439
v 0.813502 0.124879 -1.677758
v 0.469134 -0.219122 -1.775586
v -0.020594 0.097334 -2.036400
v -0.422402 0.101353 -1.739917
v -0.501774 -0.098276 -1.369788
v -0.688710 0.258944 -1.004799
v -0.648198 0.220277 -0.661859
v -0.470362 -0.080706 -0.435517
v -0.261088 0.142969 0.038798
v 1.059589 0.064740 -1.200987
v 1.036317 -0.092967 -0.813883
v 0.620486 -0.430393 -0.797853
v 0.170940 0.080683 0.211794
v 0.474797 -0.231940 -0.017546
v 0.927149 0.153959 -0.235046
vt 0.832540 0.338413
vt 0.798581 0.295383
vt 0.839008 0.284226
vt 0.763158 0.348291
vt 0.839008 0.395663
vt 0.854650 0.918396
vt 0.876908 0.868660
vt 0.895836 0.919945
vt 0.808407 0.875029
vt 0.869597 0.811410
vt 0.328343 0.567910
vt 0.306059 0.479048
vt 0.323649 0.478504
vt 0.373995 0.691614
vt 0.355182 0.641036
vt 0.373173 0.640017
vt 0.324213 0.790495
vt 0.306059 0.749234
vt 0.323971 0.747484
vt 0.310753 0.440708
vt 0.328343 0.440163
vt 0.356004 0.592693
vt 0.373995 0.591674
vt 0.306301 0.716681
vt 0.324213 0.714931
vt 0.031729 0.886137
vt 0.055846 0.934377
vt 0.013420 0.935880
vt 0.102502 0.892314
vt 0.037920 0.830607
vt 0.733737 0.917128
vt 0.757555 0.867981
vt 0.776101 0.918659
vt 0.686932 0.874275
vt 0.751073 0.811410
vt 0.375625 0.564835
vt 0.355182 0.484754
vt 0.373169 0.485370
vt 0.189903 0.866150
vt 0.207765 0.832994
vt 0.207765 0.868538
vt 0.323850 0.688092
vt 0.306059 0.636153
vt 0.323396 0.637854
vt 0.357639 0.440163
vt 0.375625 0.440780
vt 0.372517 0.769953
vt 0.355182 0.719473
vt 0.372517 0.722507
vt 0.306514 0.595294
vt 0.323850 0.596995
vt 0.746986 0.306001
vt 0.802940 0.919945
vt 0.310753 0.568455
vt 0.356004 0.692634
vt 0.306301 0.792245
vt 0.109194 0.935880
vt 0.680486 0.918659
vt 0.357639 0.564218
vt 0.189903 0.830607
vt 0.306514 0.686391
vt 0.355182 0.766920
vt 0.121973 0.497008
vt 0.168757 0.519267
vt 0.145276 0.561730
vt 0.066647 0.502682
vt 0.106586 0.463110
vt 0.141023 0.647000
vt 0.158428 0.605294
vt 0.195385 0.634149
vt 0.245286 0.681940
vt 0.268941 0.712408
vt 0.232334 0.737834
vt 0.239867 0.633297
vt 0.202659 0.682173
vt 0.112122 0.716326
vt 0.095412 0.668685
vt 0.152305 0.761135
vt 0.095941 0.761087
vt 0.625511 0.338187
vt 0.581341 0.353826
vt 0.607147 0.313035
vt 0.543190 0.313681
vt 0.652162 0.308246
vt 0.662179 0.353942
vt 0.583802 0.514188
vt 0.559606 0.532968
vt 0.528289 0.514061
vt 0.604756 0.266993
vt 0.631899 0.255701
vt 0.630985 0.286620
vt 0.614523 0.374556
vt 0.330346 0.874625
vt 0.306059 0.838190
vt 0.330346 0.819085
vt 0.558781 0.278104
vt 0.523449 0.279269
vt 0.061102 0.717916
vt 0.027373 0.656670
vt 0.469772 0.345800
vt 0.468230 0.315611
vt 0.502238 0.311471
vt 0.279220 0.660562
vt 0.560938 0.073596
vt 0.539446 0.056630
vt 0.576728 0.054176
vt 0.596814 0.194768
vt 0.623220 0.202134
vt 0.617449 0.232691
vt 0.110818 0.604206
vt 0.146798 0.103423
vt 0.130455 0.136175
vt 0.101862 0.108391
vt 0.045890 0.609426
vt 0.075475 0.230065
vt 0.101949 0.252453
vt 0.074686 0.265757
vt 0.247142 0.556012
vt 0.279220 0.591081
vt 0.653646 0.536569
vt 0.621161 0.523651
vt 0.639702 0.496850
vt 0.028773 0.569315
vt 0.077042 0.573938
vt 0.417641 0.382109
vt 0.445913 0.362952
vt 0.468206 0.396907
vt 0.297632 0.070844
vt 0.265715 0.072565
vt 0.249604 0.045944
vt 0.082671 0.796773
vt 0.055104 0.800020
vt 0.051688 0.756367
vt 0.541274 0.588970
vt 0.510371 0.576390
vt 0.515184 0.545972
vt 0.791321 0.692818
vt 0.819715 0.654749
vt 0.840669 0.691092
vt 0.898282 0.579920
vt 0.879963 0.550761
vt 0.908597 0.553998
vt 0.166629 0.464870
vt 0.555883 0.462531
vt 0.238433 0.506810
vt 0.059712 0.104012
vt 0.059278 0.071209
vt 0.219233 0.065993
vt 0.207344 0.092156
vt 0.178387 0.061017
vt 0.286096 0.174465
vt 0.260096 0.171182
vt 0.257281 0.146162
vt 0.197491 0.582375
vt 0.490780 0.195908
vt 0.479263 0.161407
vt 0.507983 0.165019
vt 0.582297 0.165515
vt 0.614289 0.163227
vt 0.540879 0.246451
vt 0.580339 0.252908
vt 0.657758 0.163205
vt 0.687045 0.165642
vt 0.672048 0.192302
vt 0.564763 0.198965
vt 0.689224 0.731251
vt 0.709035 0.699867
vt 0.739460 0.746480
vt 0.047260 0.230786
vt 0.040307 0.199038
vt 0.537173 0.212710
vt 0.751009 0.628944
vt 0.740815 0.572316
vt 0.778502 0.572457
vt 0.802323 0.618845
vt 0.701779 0.195451
vt 0.714097 0.168055
vt 0.013420 0.616681
vt 0.604765 0.551810
vt 0.027319 0.529541
vt 0.578206 0.592550
vt 0.530107 0.145304
vt 0.550534 0.166755
vt 0.488774 0.274959
vt 0.470249 0.248142
vt 0.508542 0.245131
vt 0.922831 0.593461
vt 0.919414 0.621781
vt 0.497159 0.522795
vt 0.653362 0.396907
vt 0.702954 0.388683
vt 0.558139 0.621237
vt 0.295990 0.102998
vt 0.320232 0.125018
vt 0.284972 0.126327
vt 0.313121 0.167409
vt 0.634288 0.634283
vt 0.612772 0.647541
vt 0.592720 0.625381
vt 0.701133 0.271554
vt 0.683733 0.245428
vt 0.720147 0.241631
vt 0.567958 0.135594
vt 0.332891 0.152249
vt 0.238398 0.130236
vt 0.259646 0.118590
vt 0.324591 0.093644
vt 0.025250 0.700445
vt 0.306262 0.197123
vt 0.090525 0.144103
vt 0.119382 0.169583
vt 0.071568 0.171518
vt 0.107383 0.217785
vt 0.366742 0.186771
vt 0.354469 0.205994
vt 0.333045 0.191361
vt 0.354085 0.086751
vt 0.376895 0.104134
vt 0.347206 0.118721
vt 0.599070 0.482367
vt 0.573426 0.651541
vt 0.495943 0.132904
vt 0.520219 0.098062
vt 0.021475 0.180336
vt 0.041959 0.163064
vt 0.157783 0.030847
vt 0.119054 0.049922
vt 0.877622 0.701532
vt 0.869921 0.738682
vt 0.861702 0.653493
vt 0.842200 0.619776
vt 0.886902 0.630536
vt 0.866493 0.577238
vt 0.175329 0.227544
vt 0.158088 0.251196
vt 0.131886 0.240842
vt 0.168018 0.131333
vt 0.193141 0.147043
vt 0.154696 0.162056
vt 0.431664 0.327373
vt 0.325705 0.220214
vt 0.414451 0.220093
vt 0.425894 0.246547
vt 0.403734 0.250976
vt 0.761847 0.784570
vt 0.808734 0.764043
vt 0.839496 0.485864
vt 0.848514 0.460732
vt 0.865177 0.495911
vt 0.798953 0.543454
vt 0.824341 0.526921
vt 0.848074 0.547248
vt 0.775692 0.654109
vt 0.125820 0.273154
vt 0.648263 0.230312
vt 0.515215 0.690324
vt 0.499566 0.719566
vt 0.482695 0.689553
vt 0.710673 0.310487
vt 0.522602 0.619353
vt 0.642313 0.665173
vt 0.616895 0.695608
vt 0.475837 0.619269
vt 0.573413 0.106069
vt 0.599393 0.134529
vt 0.907586 0.651341
vt 0.481000 0.547355
vt 0.286106 0.268835
vt 0.276098 0.298778
vt 0.256622 0.275619
vt 0.459568 0.589775
vt 0.334517 0.015289
vt 0.330413 0.059923
vt 0.286396 0.015716
vt 0.278334 0.203706
vt 0.433074 0.650691
vt 0.419699 0.688340
vt 0.403734 0.647725
vt 0.236871 0.213191
vt 0.566480 0.680138
vt 0.539392 0.649841
vt 0.835131 0.097848
vt 0.815629 0.138901
vt 0.795437 0.096113
vt 0.229635 0.152466
vt 0.705912 0.479192
vt 0.727407 0.451430
vt 0.733357 0.475480
vt 0.216000 0.190481
vt 0.419284 0.625909
vt 0.197200 0.249698
vt 0.186094 0.288731
vt 0.687941 0.546914
vt 0.727887 0.542555
vt 0.688534 0.586696
vt 0.327060 0.247787
vt 0.298659 0.226787
vt 0.529807 0.816039
vt 0.550165 0.836830
vt 0.508482 0.831612
vt 0.710180 0.615384
vt 0.691410 0.642088
vt 0.680486 0.618247
vt 0.986581 0.074023
vt 0.959353 0.071101
vt 0.968309 0.047451
vt 0.416732 0.153350
vt 0.451828 0.156708
vt 0.420119 0.191353
vt 0.863091 0.522424
vt 0.132792 0.301320
vt 0.099565 0.286513
vt 0.307086 0.376818
vt 0.320987 0.392066
vt 0.286083 0.398455
vt 0.439779 0.224971
vt 0.834550 0.044541
vt 0.851407 0.069245
vt 0.817865 0.073337
vt 0.462237 0.189183
vt 0.660498 0.070270
vt 0.640439 0.041653
vt 0.676820 0.055525
vt 0.163064 0.830607
vt 0.163064 0.877066
vt 0.136034 0.849933
vt 0.891705 0.525057
vt 0.864498 0.233172
vt 0.830481 0.227063
vt 0.860424 0.208061
vt 0.591985 0.741573
vt 0.598918 0.714517
vt 0.617863 0.726270
vt 0.630887 0.068296
vt 0.637107 0.143450
vt 0.211000 0.368199
vt 0.228378 0.390776
vt 0.192869 0.389531
vt 0.456623 0.678230
vt 0.460689 0.649115
vt 0.576828 0.783320
vt 0.621798 0.752904
vt 0.596398 0.800942
vt 0.563611 0.810841
vt 0.468150 0.717518
vt 0.484111 0.748162
vt 0.447983 0.733985
vt 0.465008 0.782475
vt 0.773611 0.084903
vt 0.601342 0.068666
vt 0.610091 0.041957
vt 0.480352 0.064838
vt 0.504823 0.052231
vt 0.514255 0.072152
vt 0.358204 0.295180
vt 0.359341 0.270152
vt 0.376895 0.276063
vt 0.498240 0.638848
vt 0.943647 0.167475
vt 0.908829 0.168342
vt 0.925660 0.137377
vt 0.229358 0.271159
vt 0.227705 0.242999
vt 0.436638 0.774130
vt 0.420129 0.735285
vt 0.813666 0.189544
vt 0.830512 0.166055
vt 0.874239 0.168212
vt 0.453640 0.801463
vt 0.246259 0.305049
vt 0.264896 0.328764
vt 0.227120 0.325756
vt 0.244915 0.367108
vt 0.262646 0.388140
vt 0.246635 0.411927
vt 0.532133 0.720180
vt 0.555516 0.739363
vt 0.517066 0.750583
vt 0.628420 0.015285
vt 0.272635 0.354692
vt 0.190596 0.334453
vt 0.180092 0.312016
vt 0.205350 0.310537
vt 0.262095 0.225919
vt 0.755958 0.448982
vt 0.756830 0.484323
vt 0.748078 0.513069
vt 0.982993 0.227861
vt 0.950276 0.234039
vt 0.980620 0.204228
vt 0.927017 0.198638
vt 0.890784 0.198851
vt 0.305163 0.291363
vt 0.327979 0.302198
vt 0.295662 0.321544
vt 0.884972 0.067327
vt 0.908624 0.085082
vt 0.868112 0.095451
vt 0.823828 0.439315
vt 0.824005 0.464214
vt 0.798129 0.455067
vt 0.750927 0.423747
vt 0.067303 0.293213
vt 0.459432 0.089249
vt 0.477153 0.100853
vt 0.468755 0.129656
vt 0.986581 0.164118
vt 0.942113 0.044972
vt 0.930245 0.068541
vt 0.916852 0.034468
vt 0.132244 0.348166
vt 0.159176 0.351532
vt 0.144820 0.377302
vt 0.436082 0.135724
vt 0.536500 0.079354
vt 0.923983 0.538363
vt 0.860985 0.441069
vt 0.762328 0.117544
vt 0.867657 0.042467
vt 0.887769 0.013420
vt 0.806465 0.163897
vt 0.788228 0.146597
vt 0.891553 0.137399
vt 0.863047 0.125764
vt 0.977500 0.098086
vt 0.976179 0.125672
vt 0.947331 0.096508
vt 0.211977 0.413324
vt 0.791994 0.221794
vt 0.787532 0.176996
vt 0.483743 0.811122
vt 0.471968 0.828393
vt 0.921420 0.228398
vt 0.335515 0.363832
vt 0.783574 0.433186
vt 0.880832 0.256160
vt 0.929934 0.257386
vt 0.156842 0.411141
vt 0.749224 0.155502
vt 0.761813 0.194212
vt 0.114388 0.361295
vt 0.160808 0.326777
vt 0.128322 0.390692
vt 0.782537 0.514778
vt 0.320686 0.348689
vt 0.431992 0.713698
vt 0.649838 0.096154
vt 0.675948 0.108590
vt 0.348431 0.335277
vt 0.490351 0.778835
vt 0.340459 0.279049
vt 0.543703 0.789272
vt 0.643288 0.742027
vt 0.653646 0.700789
vt 0.758771 0.063232
vt 0.783584 0.045080
vt 0.574662 0.717883
vt 0.695246 0.078435
vt 0.746987 0.095562
vt 0.808639 0.482265
vt 0.583392 0.828125
vt 0.545647 0.022488
vt 0.357185 0.837572
vt 0.372766 0.819085
vt 0.372766 0.866627
vt 0.708665 0.524323
vt 0.672856 0.136415
vt 0.700059 0.139531
vt 0.548525 0.099003
vt 0.884492 0.460499
vt 0.435566 0.088437
vt 0.762550 0.542503
vt 0.903313 0.489144
vt 0.837278 0.585791
vt 0.158701 0.298228
vt 0.206364 0.219993
vt 0.104323 0.331513
vt 0.132586 0.198446
vt 0.347933 0.251212
vt 0.446029 0.621342
vt 0.185193 0.196565
vt 0.369826 0.249038
vt 0.590482 0.690643
vt 0.373058 0.157191
vt 0.637240 0.561366
vt 0.608809 0.586176
vt 0.843569 0.777896
vt 0.619717 0.094836
vt 0.651838 0.610261
vt 0.907720 0.729021
vt 0.719040 0.648762
vt 0.213093 0.129038
vt 0.686825 0.674215
vt 0.425298 0.277080
vt 0.445076 0.539182
vt 0.468414 0.518711
vt 0.431003 0.594433
vt 0.658275 0.261927
vt 0.562520 0.384140
vt 0.539046 0.348493
vt 0.447885 0.259683
vt 0.495504 0.493330
vt 0.470325 0.475852
vt 0.495931 0.447806
vt 0.705047 0.767959
vt 0.403736 0.341278
vt 0.923983 0.679736
vt 0.491657 0.377977
vt 0.015423 0.091887
vt 0.083951 0.036592
vt 0.013420 0.148805
vt 0.231881 0.106445
vt 0.207335 0.035954
vt 0.094446 0.440163
vt 0.056988 0.475722
vt 0.243396 0.013420
vt 0.428705 0.524802
vt 0.375515 0.044116
vt 0.413564 0.559121
vt 0.545636 0.432059
vt 0.201697 0.782318
vt 0.132394 0.803768
vt 0.609061 0.423747
vt 0.214457 0.463629
vt 0.813864 0.015932
vt 0.576488 0.013420
vn 1.0000 0.0000 0.0000
vn -1.0000 0.0000 0.0000
vn 0.0000 -0.1864 -0.9825
vn 0.0000 -0.8190 0.5737
vn 0.0000 0.8106 0.5856
vn 0.0000 0.4523 -0.8919
vn 0.0000 -0.6639 0.7478
vn 0.0000 0.8471 0.5315
vn 0.0000 -0.1864 0.9825
vn 0.0000 -0.8190 -0.5737
vn 0.0000 0.8106 -0.5856
vn 0.0000 0.4523 0.8919
vn 0.0000 -0.6639 -0.7478
vn 0.0000 0.8471 -0.5315
vn -0.2469 -0.9590 -0.1391
vn -0.4490 -0.7968 -0.4044
vn -0.0085 -0.9999 0.0098
vn 0.6080 -0.7431 0.2795
vn 0.3219 -0.9435 0.0789
vn -0.1715 -0.9580 0.2299
vn -0.0836 -0.9556 0.2826
vn -0.3286 -0.7742 0.5409
vn 0.7934 -0.4937 0.3561
vn 0.9003 -0.4042 0.1613
vn 0.7495 -0.3913 0.5340
vn -0.0066 -0.2347 0.9721
vn 0.8910 -0.0781 0.4473
vn 0.7237 -0.5771 0.3785
vn 0.8066 -0.2967 0.5113
vn 0.3095 -0.5269 0.7916
vn 0.9626 -0.1949 0.1882
vn 0.9831 -0.1819 0.0190
vn -0.5076 -0.7885 0.3472
vn -0.6517 -0.7303 0.2048
vn 0.8280 -0.5556 -0.0755
vn 0.5430 -0.8331 0.1053
vn 0.8849 0.4601 0.0728
vn 0.9497 0.0190 0.3125
vn -0.1539 -0.9872 -0.0415
vn -0.9341 -0.0631 -0.3514
vn -0.5777 -0.8136 0.0651
vn -0.6569 0.2391 -0.7150
vn 0.5546 -0.8266 -0.0958
vn 0.5508 -0.0582 0.8326
vn -0.6874 -0.7245 -0.0508
vn 0.6226 -0.7270 -0.2895
vn -0.6652 -0.7311 -0.1514
vn -0.8757 -0.3490 0.3336
vn -0.6388 -0.4410 0.6304
vn -0.1858 0.1423 0.9722
vn -0.1534 -0.9881 0.0151
vn 0.5137 -0.1373 -0.8469
vn -0.3793 -0.9095 -0.1701
vn 0.7474 0.1962 -0.6348
vn -0.2206 -0.8343 -0.5053
vn -0.1014 -0.9129 -0.3954
vn 0.0164 0.0042 0.9999
vn 0.2987 -0.8727 -0.3863
vn -0.8644 -0.4136 -0.2860
vn -0.9418 -0.3336 -0.0403
vn -0.9826 0.0293 0.1834
vn 0.0225 -0.9988 -0.0446
vn 0.9734 0.0893 -0.2109
vn 0.3380 -0.9132 -0.2277
vn 0.9467 0.1179 0.2998
vn 0.9928 -0.0845 0.0849
vn 0.7215 0.1629 0.6730
vn 0.9956 -0.0111 0.0936
vn -0.2187 -0.5324 -0.8178
vn -0.6455 0.1554 -0.7478
vn 0.9872 -0.0382 0.1546
vn 0.8956 -0.0613 0.4405
vn 0.1731 0.1391 -0.9750
vn 0.6290 0.1708 0.7584
vn 0.9654 0.0219 0.2598
vn -0.7976 -0.6017 0.0419
vn 0.2595 0.0395 0.9649
vn -0.6563 -0.7405 -0.1448
vn 0.2454 0.0988 0.9644
vn 0.9989 -0.0450 -0.0140
vn 0.9906 -0.0980 -0.0955
vn 0.7775 0.0520 -0.6268
vn -0.4031 0.0238 0.9149
vn 0.4039 -0.0722 0.9119
vn 0.6107 -0.5874 0.5310
vn -0.0857 0.1686 0.9820
vn 0.0198 0.2080 0.9779
vn -0.9228 -0.0534 0.3815
vn -0.9266 0.0128 0.3758
vn 0.4158 -0.0028 0.9094
vn 0.6101 -0.0351 0.7916
vn 0.9893 0.0908 0.1142
vn -0.9319 0.0056 0.3627
vn -0.9959 -0.0618 0.0655
vn -0.9060 -0.0829 0.4152
vn -0.7018 -0.5557 0.4457
vn -0.9726 0.0468 0.2278
vn -0.9537 0.1095 0.2802
vn -0.8566 0.0708 -0.5110
vn -0.8482 0.1105 -0.5181
vn -0.8529 0.0052 0.5220
vn -0.8312 0.0144 0.5558
vn 0.2164 -0.1170 0.9693
vn 0.2479 0.2265 0.9419
vn 0.9780 0.1668 -0.1253
vn -0.5332 0.0482 -0.8446
vn -0.9078 0.0016 -0.4195
vn -0.8651 -0.4957 -0.0772
vn 0.5425 -0.4694 -0.6966
vn -0.7065 0.1541 -0.6907
vn -0.7449 0.1686 -0.6455
vn 0.6237 -0.0436 -0.7804
vn 0.6349 0.0506 -0.7710
vn -0.8768 0.0381 -0.4794
vn -0.9465 -0.0190 -0.3222
vn 0.7759 -0.5187 -0.3590
vn -0.8957 0.1587 0.4154
vn 0.8574 -0.0659 -0.5105
vn 0.5502 -0.1054 -0.8283
vn 0.1322 -0.7025 -0.6993
vn 0.5792 0.3572 -0.7328
vn 0.7574 0.0852 -0.6474
vn 0.7138 0.1573 -0.6825
vn 0.9391 0.1036 0.3278
vn 0.8508 0.1537 0.5025
vn 0.4488 -0.0132 -0.8935
vn 0.2918 0.0199 -0.9563
vn -0.9354 -0.1273 0.3299
vn -0.8070 0.1779 -0.5631
vn 0.8713 -0.0189 0.4905
vn -0.3594 0.4575 0.8133
vn 0.8157 0.0914 0.5712
vn 0.9842 0.0967 -0.1484
vn 0.5994 -0.3509 0.7194
vn -0.2141 0.2268 0.9501
vn 0.5180 0.2585 0.8154
vn -0.4147 0.2872 0.8634
vn 0.9513 0.1347 0.2774
vn 0.7205 -0.2027 -0.6632
vn -0.4780 0.0917 0.8736
vn -0.9195 0.3932 0.0044
vn -0.5580 0.1702 0.8122
vn 0.5388 0.1892 0.8209
vn -0.8155 -0.3193 0.4827
vn -0.9807 0.1216 0.1534
vn -0.7805 0.2055 0.5904
vn -0.9858 0.1678 0.0060
vn -0.0106 0.2268 0.9739
vn 0.3842 0.9225 0.0363
vn -0.9997 -0.0217 0.0099
vn -0.3942 0.4540 -0.7990
vn -0.9930 0.0916 -0.0742
vn -0.7797 0.1482 0.6083
vn -0.9322 -0.2926 -0.2130
vn -0.6251 0.2141 -0.7506
vn -0.8934 0.2256 -0.3885
vn -0.4078 0.2906 -0.8656
vn -0.9470 0.1864 0.2614
vn -0.0332 0.8834 0.4674
vn -0.4358 0.1246 -0.8914
vn 0.7863 0.3811 -0.4863
vn -0.2886 0.2100 -0.9341
vn -0.8835 -0.0558 -0.4651
vn 0.7928 0.1598 -0.5882
vn 0.7238 -0.1292 -0.6778
vn 0.8502 0.2008 -0.4866
vn 0.5664 0.2251 -0.7928
vn -0.7013 0.1900 -0.6871
vn -0.5265 0.8283 0.1916
vn 0.8796 -0.0410 -0.4740
vn 0.6526 0.7556 0.0566
vn 0.9134 0.0920 -0.3965
vn 0.6522 -0.1763 -0.7372
vn 0.6653 0.5025 0.5522
vn 0.5388 0.6567 0.5277
vn 0.7188 0.1931 -0.6679
vn -0.4614 0.8431 -0.2761
vn 0.3887 0.4608 0.7978
vn 0.7242 0.4700 0.5046
vn 0.9010 0.1544 0.4053
vn -0.5904 0.7369 -0.3293
vn -0.4548 0.2377 0.8583
vn 0.3693 0.6591 0.6551
vn 0.2546 0.7931 0.5534
vn -0.4476 0.5470 0.7074
vn -0.4605 0.6771 0.5740
vn 0.5651 0.7440 0.3567
vn 0.7947 0.4935 0.3533
vn -0.9079 0.1755 -0.3807
vn 0.8848 0.3478 -0.3101
vn -0.7796 0.3965 0.4848
vn -0.3749 0.5182 0.7687
vn -0.2548 0.2563 0.9324
vn 0.3346 0.7886 -0.5159
vn -0.9696 0.2402 -0.0474
vn -0.6205 0.6390 0.4546
vn -0.0970 0.9721 -0.2134
vn -0.5417 0.7614 0.3561
vn -0.8694 0.4823 -0.1076
vn -0.7759 0.6124 -0.1516
vn -0.5505 0.8271 -0.1133
vn -0.1637 0.5794 0.7985
vn 0.6949 0.5756 0.4310
vn -0.7906 0.5725 -0.2172
vn -0.8172 0.4085 -0.4067
vn -0.8919 0.4509 -0.0346
vn -0.9752 0.1856 0.1203
vn -0.2280 0.4489 -0.8640
vn -0.3160 0.2664 -0.9106
vn -0.7384 0.6039 -0.3002
vn -0.6261 0.7302 -0.2736
vn -0.1738 0.5776 -0.7976
vn -0.1028 0.6949 -0.7117
vn -0.0255 0.9117 -0.4101
vn -0.8673 0.4838 0.1172
vn 0.6722 0.7172 -0.1838
vn 0.3552 0.4456 -0.8217
vn -0.3132 0.5183 -0.7958
vn -0.5536 0.2411 -0.7971
vn 0.8368 0.1973 -0.5107
vn 0.1992 0.6712 -0.7140
vn 0.1749 0.7990 -0.5754
vn 0.7931 0.4831 -0.3710
vn 0.7483 0.6042 -0.2739
vn -0.5154 0.5412 -0.6644
vn 0.8911 0.1768 -0.4180
vn 0.9148 0.3986 -0.0651
vn 0.7716 0.4585 -0.4408
vn 0.7915 0.2038 -0.5762
vn 0.5048 0.4835 -0.7151
vn 0.2618 0.8817 0.3926
vn 0.7991 0.5888 -0.1219
vn 0.0348 0.9983 0.0471
vn 0.6923 0.7192 -0.0598
vn 0.3201 0.8848 -0.3387
vn 0.2108 0.9597 -0.1859
vn 0.7153 0.4725 -0.5149
vn 0.6213 0.7835 -0.0144
vn 0.2898 0.8351 -0.4676
vn 0.5788 0.7453 -0.3311
vn 0.0095 0.4964 -0.8681
vn 0.3184 0.9473 -0.0345
vn 0.0347 0.9976 0.0593
vn -0.5506 0.7863 -0.2802
vn 0.7280 0.5527 -0.4055
vn -0.4110 0.9115 -0.0142
vn 0.5652 0.8231 -0.0550
vn 0.6224 0.6359 -0.4563
vn -0.4180 0.8450 0.3335
vn -0.3817 0.9135 -0.1409
vn -0.9212 0.3751 -0.1035
vn 0.6825 0.7277 -0.0680
vn 0.4517 0.6170 -0.6444
vn -0.0813 0.8138 -0.5754
vn -0.5508 0.7905 0.2677
vn 0.7552 0.4478 -0.4787
vn 0.4722 0.4366 -0.7658
vn -0.0132 0.3690 -0.9293
vn -0.2812 0.7511 0.5973
vn 0.1127 0.8427 -0.5265
vn -0.3620 0.8045 -0.4710
vn -0.8892 0.3994 -0.2231
vn -0.1345 0.9909 0.0007
vn -0.6885 0.7246 0.0303
vn -0.3628 0.6216 -0.6943
vn 0.8781 0.4632 -0.1203
vn -0.4715 0.6906 -0.5484
vn 0.6050 0.7348 -0.3067
vn -0.2754 0.9312 0.2386
vn -0.4142 0.8971 0.1538
vn -0.4984 0.3970 0.7707
vn 0.1112 0.8395 -0.5319
vn -0.6881 0.5933 -0.4177
vn -0.6562 0.7415 -0.1402
vn 0.0826 0.8244 0.5599
vn -0.4329 0.5115 -0.7423
vn -0.7870 0.4119 -0.4593
vn -0.9134 0.3422 -0.2206
vn -0.3745 0.5456 -0.7497
vn 0.0128 0.2063 -0.9784
vn -0.5878 0.7779 -0.2222
vn -0.6474 0.7593 0.0666
vn -0.6090 0.4169 0.6748
vn -0.1702 0.9839 0.0549
vn -0.8295 0.5585 0.0051
vn 0.2647 0.5345 -0.8027
vn -0.7517 0.6465 0.1299
vn -0.3185 0.7554 -0.5727
vn 0.1898 0.9538 0.2331
vn -0.0353 0.9392 0.3415
vn 0.7201 0.3930 0.5718
vn -0.6104 0.7603 -0.2223
vn 0.9382 0.1629 -0.3054
vn -0.7229 0.5973 0.3473
vn 0.5466 0.6298 -0.5519
vn -0.4303 0.7813 0.4521
vn 0.6212 0.7831 0.0299
vn -0.8911 0.4520 0.0413
vn -0.8121 0.3940 0.4305
vn -0.6167 0.3326 0.7135
vn -0.8821 0.4711 0.0048
vn -0.9476 0.2033 -0.2465
vn -0.5023 0.7961 0.3375
vn -0.2069 0.8122 0.5454
vn 0.6069 0.4248 0.6718
vn -0.1355 0.9851 0.1055
vn 0.7673 0.4618 -0.4450
vn -0.2992 0.6393 0.7084
vn -0.8156 0.4551 -0.3573
vn -0.1511 0.7282 0.6685
vn 0.5271 0.8443 0.0967
vn 0.2940 0.2112 -0.9322
vn -0.5075 0.7842 0.3570
vn 0.1985 0.6515 0.7322
vn 0.4233 0.7762 0.4673
vn -0.2769 0.5335 0.7992
vn 0.2883 0.4646 0.8373
vn 0.6304 0.3635 0.6859
vn -0.6774 0.1814 0.7129
vn 0.2303 0.8257 0.5149
vn 0.5655 0.7763 0.2785
vn 0.2993 0.2383 -0.9239
vn -0.7259 0.4618 0.5097
vn -0.3135 0.5509 0.7735
vn 0.9980 -0.0630 -0.0003
vn 0.2601 0.8031 0.5362
vn 0.8177 0.5736 0.0495
vn 0.4955 0.5999 0.6282
vn -0.2545 0.2514 -0.9338
vn 0.7682 0.4628 0.4424
vn 0.9164 0.3996 0.0221
vn 0.5818 0.2020 -0.7879
vn 0.6936 0.7201 0.0222
vn 0.6717 0.1977 0.7140
vn 0.7523 0.1567 -0.6399
vn 0.9488 0.3150 -0.0220
vn 0.6697 0.3972 -0.6275
vn 0.9429 0.1188 -0.3112
vn 0.7950 0.3925 -0.4625
vn 0.8464 0.2615 -0.4639
vn 0.1475 0.1220 -0.9815
vn 0.9393 0.2584 -0.2256
vn 0.4166 0.5018 0.7581
vn 0.7892 0.2607 -0.5560
vn 0.7371 0.4851 0.4705
vn 0.9967 0.0040 -0.0814
vn 0.4832 -0.0030 -0.8755
vn 0.9410 0.1153 -0.3182
vn 0.6864 0.3506 -0.6371
vn 0.8604 0.0796 -0.5033
vn -0.9756 0.1896 -0.1111
vn 0.7203 0.1823 -0.6693
vn 0.4889 0.3989 -0.7758
vn 0.5159 0.2583 -0.8168
vn 0.7775 0.3877 -0.4953
vn -0.8165 0.2122 -0.5369
vn -0.6637 0.1558 -0.7316
vn 0.4374 0.3610 -0.8236
vn -0.6441 0.4202 -0.6391
vn 0.0129 0.2077 -0.9781
vn -0.3168 0.4965 -0.8082
vn -0.3314 0.3215 -0.8870
vn -0.9437 0.1298 -0.3042
vn 0.1575 0.3419 -0.9264
vn 0.8845 0.0210 -0.4661
vn -0.5399 0.2897 -0.7903
vn 0.8001 0.2368 0.5511
vn 0.3520 0.1376 -0.9258
vn -0.9039 0.0390 -0.4260
vn -0.0905 0.1501 -0.9845
vn -0.6504 0.3635 -0.6669
vn -0.4150 0.0453 -0.9087
vn -0.5449 0.2172 0.8099
vn -0.7015 0.1866 -0.6878
vn -0.7943 0.3704 -0.4815
vn -0.8264 0.2374 -0.5105
vn -0.4378 0.4761 -0.7627
vn -0.8775 0.2082 0.4319
vn -0.9686 0.1295 0.2121
vn -0.8274 0.3375 -0.4489
vn -0.8877 0.3943 0.2378
vn -0.9547 0.1668 -0.2465
vn -0.9102 0.4128 -0.0343
vn -0.9590 0.2795 -0.0465
vn -0.7406 0.1077 0.6633
vn -0.9030 0.2936 -0.3138
vn -0.4362 0.1071 -0.8935
vn -0.9593 0.2640 0.1004
vn -0.9155 0.0754 -0.3952
vn -0.8767 -0.0228 0.4805
vn -0.9708 0.1389 -0.1955
vn -0.9125 0.3349 0.2349
vn -0.9987 0.0496 0.0061
vn 0.7740 0.1779 0.6076
vn -0.9525 0.1565 0.2613
vn -0.8296 0.3582 0.4283
vn -0.8589 0.2273 0.4589
vn -0.9106 0.4113 0.0408
vn 0.2637 0.2613 0.9286
vn -0.1099 0.1679 0.9797
vn -0.8137 0.3203 0.4851
vn -0.0093 0.4971 0.8676
vn -0.6786 0.1596 0.7170
vn -0.3815 0.4688 0.7967
vn -0.4557 0.3129 0.8333
vn 0.6330 0.1210 0.7646
vn -0.7219 0.2727 0.6360
vn -0.9999 0.0035 0.0099
vn -0.2642 0.3088 0.9137
vn -0.8210 0.0733 0.5663
vn 0.4739 0.0153 0.8805
vn -0.6505 0.1377 0.7469
vn -0.0248 0.4037 0.9145
vn -0.5331 0.6289 0.5660
vn 0.6298 -0.6149 -0.4747
vn -0.0107 0.2225 0.9749
vn 0.2849 0.4455 0.8487
vn 0.3140 0.2877 0.9048
vn -0.2828 0.4974 0.8201
vn 0.9838 0.1599 0.0812
vn 0.9482 0.0914 0.3041
vn 0.3736 0.3888 0.8422
vn 0.8829 0.3855 0.2682
vn 0.6765 0.1610 0.7187
vn 0.7436 0.4210 0.5195
vn 0.7905 0.2703 0.5496
vn 0.9748 0.0648 -0.2135
vn 0.5658 0.3239 0.7582
vn -0.4778 0.1008 0.8727
vn 0.8783 0.2436 0.4114
vn 0.5417 0.0959 0.8351
vn 0.7253 0.1245 0.6771
vn 0.8975 0.3379 0.2835
vn 0.6183 0.1539 -0.7708
vn 0.9541 0.1029 0.2814
vn 0.9344 0.3543 0.0382
vn 0.9828 0.1808 0.0380
vn 0.7870 0.4114 0.4598
vn 0.7377 -0.4459 -0.5069
vn 0.4836 -0.0574 -0.8734
vn 0.6699 0.1325 -0.7305
vn 0.3984 0.1669 -0.9019
vn -0.7828 0.0256 -0.6217
vn 0.8722 -0.0077 0.4891
vn 0.6642 0.1957 -0.7215
vn -0.1352 0.1433 -0.9804
vn -0.8210 0.1332 -0.5552
vn 0.4326 -0.0885 -0.8973
vn -0.3438 0.0427 -0.9381
vn -0.7750 -0.1132 -0.6218
vn 0.0511 0.1911 -0.9803
vn -0.9060 -0.0013 -0.4234
vn -0.7661 0.1307 -0.6293
vn -0.8884 0.1321 -0.4397
vn -0.9620 -0.0820 0.2606
vn 0.8109 -0.0268 -0.5846
vn 0.1261 0.7943 0.5944
vn -0.7604 0.1852 -0.6225
vn -0.9890 0.0432 -0.1413
vn -0.9128 0.0948 0.3971
vn -0.9355 -0.0432 -0.3508
vn -0.9985 -0.0486 -0.0270
vn -0.9528 -0.1933 0.2343
vn -0.9603 0.1283 -0.2477
vn -0.5338 -0.2424 -0.8101
vn -0.8768 -0.0446 0.4787
vn -0.9363 0.1093 0.3338
vn -0.8337 0.1024 0.5426
vn 0.8284 -0.3444 -0.4418
vn -0.6697 0.1391 -0.7295
vn -0.9324 0.1387 0.3337
vn -0.6725 0.1038 0.7328
vn 0.2393 0.1824 0.9537
vn -0.8769 -0.0445 0.4786
vn -0.5650 0.0216 0.8248
vn 0.9591 -0.2429 -0.1453
vn -0.7266 0.1405 0.6725
vn 0.4747 -0.0287 0.8797
vn 0.1141 0.1458 0.9827
vn 0.4749 0.1674 0.8639
vn 0.9523 -0.1991 0.2312
vn -0.9882 -0.0296 0.1502
vn 0.1119 0.2596 0.9592
vn 0.7729 0.0484 0.6327
vn 0.2051 0.0763 0.9758
vn 0.9929 0.0359 0.1131
vn 0.5513 -0.0843 0.8300
vn 0.8353 -0.0582 0.5467
vn 0.6878 0.1274 0.7147
vn 0.9927 -0.1205 -0.0002
vn 0.9800 0.0530 0.1920
vn 0.9981 0.0445 -0.0430
vn 0.6918 -0.6118 -0.3835
vn -0.1993 0.1015 0.9747
vn 0.7285 -0.6684 0.1501
vn 0.9790 0.0751 0.1896
vn 0.9539 0.0177 -0.2997
vn 0.9900 -0.1368 -0.0343
vn 0.9013 -0.0823 -0.4253
vn 0.9295 -0.2072 -0.3051
vn 0.9730 0.0883 -0.2131
vn -0.4409 -0.2661 0.8572
vn -0.1960 -0.7581 -0.6220
vn 0.8905 -0.1182 -0.4394
vn 0.0716 -0.0601 -0.9956
vn 0.6862 -0.6117 -0.3936
vn 0.5503 -0.1089 -0.8279
vn 0.5737 -0.3771 -0.7271
vn -0.9085 -0.0208 -0.4174
vn 0.8050 -0.2809 -0.5226
vn 0.9467 -0.0216 0.3215
vn 0.2634 -0.4298 -0.8636
vn 0.6724 -0.7378 -0.0594
vn -0.6430 -0.4393 -0.6273
vn 0.6726 -0.6245 -0.3971
vn 0.0565 -0.2184 -0.9742
vn -0.7044 -0.6083 -0.3657
vn -0.2565 -0.6998 -0.6667
vn -0.3409 0.0550 -0.9385
vn -0.6220 -0.1800 -0.7621
vn 0.4327 -0.0714 -0.8987
vn -0.9700 -0.2162 0.1113
vn -0.8619 -0.5070 -0.0118
vn -0.9760 -0.0934 -0.1969
vn -0.5220 -0.6571 -0.5439
vn -0.8762 -0.3096 -0.3693
vn -0.9058 -0.0887 0.4142
vn 0.0134 -0.9998 -0.0162
vn -0.9385 -0.3230 0.1218
vn -0.5344 -0.6975 -0.4774
vn -0.9720 -0.1456 -0.1846
vn -0.8586 -0.4867 0.1608
vn -0.8879 -0.4596 0.0210
vn -0.9978 -0.0627 -0.0229
vn -0.9773 -0.1864 0.1006
vn -0.9355 -0.0599 -0.3481
vn 0.9393 -0.2238 -0.2599
vn -0.5617 -0.6304 0.5358
vn -0.7677 -0.0196 0.6405
vn 0.4252 -0.8612 0.2784
vn -0.8867 -0.4589 0.0558
vn -0.9001 -0.2804 0.3335
vn 0.4041 -0.0306 0.9142
vn -0.2806 -0.9565 -0.0797
vn 0.6698 -0.2321 0.7054
vn -0.8604 -0.5024 0.0859
vn -0.8106 -0.2215 0.5421
vn -0.7580 -0.1269 0.6397
vn -0.1444 0.3916 0.9087
vn -0.4973 -0.8460 0.1926
vn -0.1441 0.1171 -0.9826
vn -0.7791 0.0995 0.6189
vn 0.9432 -0.3309 -0.0293
vn -0.5516 -0.6029 0.5764
vn -0.5681 0.0399 0.8220
vn 0.0261 -0.9989 -0.0395
vn -0.3420 -0.2173 0.9142
vn -0.9588 -0.2004 -0.2012
vn -0.8767 -0.0620 0.4770
vn 0.9868 0.0129 -0.1615
vn -0.9355 0.3153 0.1594
vn 0.6694 -0.6981 0.2539
vn -0.5924 0.3450 -0.7281
vn 0.9783 -0.2036 -0.0395
vn 0.2047 0.5415 0.8154
vn 0.8094 -0.5614 -0.1726
vn -0.7391 0.4711 -0.4815
vn -0.9573 0.0491 -0.2849
vn -0.2682 -0.9623 0.0447
vn -0.6100 -0.0248 0.7920
vn 0.7497 0.3107 -0.5843
vn 0.8808 0.2924 0.3724
vn -0.3072 -0.4143 0.8567
vn 0.9772 -0.2104 -0.0285
vn -0.6697 0.0882 0.7373
vn 0.3325 -0.9289 -0.1629
vn -0.9967 -0.0752 -0.0320
vn 0.0229 -0.6781 0.7346
vn 0.6209 -0.7403 0.2577
vn 0.9099 -0.3515 0.2204
vn -0.8114 0.4487 0.3746
vn 0.6736 -0.6028 0.4277
vn 0.7031 -0.1185 0.7011
vn -0.3630 -0.6424 0.6750
vn 0.3113 -0.3675 0.8764
vn -0.9930 -0.0155 -0.1170
vn 0.8990 -0.1231 0.4203
vn -0.1065 0.2844 0.9528
vn 0.7859 -0.0199 0.6180
vn 0.9376 -0.0558 -0.3433
vn -0.3042 -0.7068 0.6386
vn 0.2128 -0.9763 -0.0384
vn 0.7009 -0.1805 0.6901
vn -0.4828 -0.7388 0.4702
vn 0.8083 -0.1151 0.5774
vn 0.2211 -0.8689 0.4429
vn 0.0051 -0.9986 0.0523
vn 0.1925 -0.9113 0.3641
vn 0.7000 -0.5778 0.4197
vn 0.6086 -0.7293 -0.3125
vn 0.4930 -0.1043 0.8637
vn 0.6601 -0.6846 -0.3090
vn 0.8356 -0.0722 0.5446
vn -0.9007 -0.0976 0.4233
vn -0.9650 0.1541 0.2123
vn -0.4036 0.0215 0.9147
vn -0.7371 0.1505 0.6588
vn -0.3164 0.0149 -0.9485
vn 0.2810 -0.8970 -0.3412
vn -0.9959 -0.0622 0.0654
vn -0.9395 0.1581 -0.3039
vn -0.5375 0.0763 -0.8398
vn 0.1454 0.2444 -0.9587
vn 0.8573 -0.1148 -0.5019
vn 0.7767 0.3980 0.4883
vn -0.8142 0.0672 -0.5766
vn 0.9375 0.3274 0.1183
vn 0.6561 0.0343 -0.7539
vn 0.2109 0.4210 0.8822
vn 0.8557 0.0258 0.5168
vn -0.8583 0.3387 0.3854
vn -0.4224 0.0464 0.9052
vn -0.7670 0.3511 -0.5370
vn -0.5873 0.7560 0.2892
vn 0.4106 0.4157 0.8115
vn 0.0814 0.8219 0.5638
vn -0.7873 0.3458 0.5105
vn -0.5809 0.7687 0.2679
vn -0.8383 0.3657 -0.4044
vn -0.5643 0.7565 -0.3307
vn 0.3507 0.4219 -0.8360
vn 0.3384 0.7952 -0.5032
vn 0.9322 0.3527 -0.0812
vn 0.7078 0.6455 0.2869
vn -0.0357 0.6580 -0.7521
vn 0.8098 0.5463 -0.2138
vn 0.1684 -0.2798 -0.9452
vn 0.9917 -0.1279 0.0151
vn -0.6689 -0.7106 0.2183
vn 0.6528 0.0596 0.7552
vn 0.8740 0.3831 -0.2990
vn -0.5725 0.6518 -0.4974
vn -0.7430 0.6308 0.2236
vn -0.0038 0.7064 0.7078
vn 0.8342 0.3596 -0.4180
vn 0.7662 0.6162 0.1824
vn 0.9386 0.1452 -0.3131
vn -0.0871 0.2754 -0.9574
vn -0.9672 0.1619 -0.1957
vn -0.6462 0.2041 0.7354
vn 0.9755 0.0658 0.2098
vn -0.7980 -0.6019 0.0301
usemtl None
s off
f 2/1/1 5/2/1 6/3/1
f 3/4/1 2/1/1 1/5/1
f 11/6/2 7/7/2 12/8/2
f 7/7/2 9/9/2 8/10/2
f 1/11/3 9/12/3 3/13/3
f 6/14/4 7/15/4 2/16/4
f 4/17/5 11/18/5 5/19/5
f 3/13/6 10/20/6 4/21/6
f 2/16/7 8/22/7 1/23/7
f 5/19/8 12/24/8 6/25/8
f 14/26/2 17/27/2 18/28/2
f 15/29/2 14/26/2 13/30/2
f 23/31/1 19/32/1 24/33/1
f 19/32/1 21/34/1 20/35/1
f 13/36/9 21/37/9 15/38/9
f 14/39/10 24/40/10 19/41/10
f 16/42/11 23/43/11 17/44/11
f 15/38/12 22/45/12 16/46/12
f 14/47/13 20/48/13 13/49/13
f 17/44/14 24/50/14 18/51/14
f 2/1/1 4/52/1 5/2/1
f 3/4/1 4/52/1 2/1/1
f 11/6/2 10/53/2 7/7/2
f 7/7/2 10/53/2 9/9/2
f 1/11/3 8/54/3 9/12/3
f 6/14/4 12/55/4 7/15/4
f 4/17/5 10/56/5 11/18/5
f 3/13/6 9/12/6 10/20/6
f 2/16/7 7/15/7 8/22/7
f 5/19/8 11/18/8 12/24/8
f 14/26/2 16/57/2 17/27/2
f 15/29/2 16/57/2 14/26/2
f 23/31/1 22/58/1 19/32/1
f 19/32/1 22/58/1 21/34/1
f 13/36/9 20/59/9 21/37/9
f 14/39/10 18/60/10 24/40/10
f 16/42/11 22/61/11 23/43/11
f 15/38/12 21/37/12 22/45/12
f 14/47/13 19/62/13 20/48/13
f 17/44/14 23/43/14 24/50/14
f 81/63/15 311/64/15 82/65/15
f 285/66/16 44/67/16 81/63/16
f 68/68/17 25/69/17 129/70/17
f 130/71/18 38/72/18 304/73/18
f 383/74/19 130/71/19 307/75/19 129/70/19
f 67/76/20 309/77/20 68/68/20
f 67/76/21 68/68/21 307/75/21 303/78/21
f 303/78/22 37/79/22 67/76/22
f 69/80/23 298/81/23 308/82/23
f 298/81/24 297/83/24 308/82/24
f 69/80/25 386/84/25 306/85/25
f 71/86/26 313/87/26 72/88/26
f 74/89/27 26/90/27 70/91/27
f 69/80/28 38/92/28 298/81/28
f 386/84/29 69/80/29 308/82/29 70/91/29
f 302/93/30 384/94/30 301/95/30
f 73/96/31 74/89/31 308/82/31 297/83/31
f 297/83/32 40/97/32 73/96/32
f 67/76/33 292/98/33 309/77/33
f 292/98/34 291/99/34 309/77/34
f 296/100/35 381/101/35 295/102/35
f 130/71/36 383/74/36 300/103/36
f 167/104/37 179/105/37 341/106/37
f 87/107/38 317/108/38 88/109/38
f 78/110/39 25/69/39 68/68/39
f 287/111/40 45/112/40 284/113/40
f 77/114/41 78/110/41 309/77/41 291/99/41
f 99/115/42 53/116/42 226/117/42
f 383/74/43 136/118/43 299/119/43 300/103/43
f 132/120/44 39/121/44 305/122/44
f 77/114/45 286/123/45 310/124/45
f 279/125/46 41/126/46 136/127/46
f 286/123/47 285/66/47 310/124/47
f 290/128/48 378/129/48 289/130/48
f 128/131/49 380/132/49 294/133/49
f 91/134/50 318/135/50 92/136/50
f 82/65/51 25/69/51 78/110/51
f 281/137/52 46/138/52 278/139/52
f 81/63/53 82/65/53 310/124/53 285/66/53
f 103/140/54 55/141/54 220/142/54
f 81/63/55 44/67/55 280/143/55
f 81/63/56 280/143/56 311/64/56
f 71/86/57 72/88/57 384/144/57
f 280/143/58 279/145/58 311/64/58
f 284/113/59 375/146/59 283/147/59
f 138/148/60 377/149/60 288/150/60
f 95/151/61 319/152/61 96/153/61
f 135/154/62 25/69/62 82/65/62
f 275/155/63 48/156/63 272/157/63
f 136/118/64 135/154/64 311/64/64 279/145/64
f 87/107/65 47/158/65 244/159/65
f 73/96/66 274/160/66 312/161/66
f 243/162/67 50/163/67 154/164/67
f 274/160/68 273/165/68 312/161/68
f 142/166/69 374/167/69 282/168/69
f 99/115/70 320/169/70 100/170/70
f 370/171/71 273/165/71 274/160/71
f 88/109/72 26/90/72 74/89/72
f 359/172/73 166/173/73 251/174/73 252/175/73
f 269/176/74 50/163/74 266/177/74
f 87/107/75 88/109/75 312/161/75 273/165/75
f 77/114/76 42/178/76 286/123/76
f 71/86/77 268/179/77 313/87/77
f 376/180/78 285/66/78 286/123/78
f 268/179/79 267/181/79 313/87/79
f 272/157/80 369/182/80 271/183/80
f 134/184/81 371/185/81 276/186/81
f 103/140/82 321/187/82 104/188/82
f 92/136/83 27/189/83 72/88/83
f 71/86/84 39/121/84 268/179/84
f 304/190/85 306/85/85 385/191/85
f 91/134/86 92/136/86 313/87/86 267/181/86
f 267/181/87 49/192/87 91/134/87
f 79/193/88 262/194/88 314/195/88
f 262/194/89 261/196/89 314/195/89
f 266/197/90 366/198/90 265/199/90
f 132/200/91 368/201/91 270/202/91
f 271/183/92 369/182/92 148/203/92
f 364/204/93 261/196/93 262/194/93
f 96/153/94 28/205/94 80/206/94
f 79/193/95 43/207/95 262/194/95
f 292/98/96 294/133/96 379/208/96
f 95/151/97 96/153/97 314/195/97 261/196/97
f 261/196/98 51/209/98 95/151/98
f 83/210/99 256/211/99 315/212/99
f 256/211/100 255/213/100 315/212/100
f 260/214/101 363/215/101 259/216/101
f 140/217/102 365/218/102 264/219/102
f 302/220/103 71/86/103 384/144/103
f 265/199/104 366/198/104 152/221/104
f 89/222/105 90/223/105 369/182/105
f 100/170/106 29/224/106 84/225/106
f 83/210/107 45/112/107 256/211/107
f 286/226/108 288/150/108 376/227/108
f 278/139/109 372/228/109 277/229/109
f 99/115/110 100/170/110 315/212/110 255/213/110
f 255/213/111 53/116/111 99/115/111
f 85/230/112 250/231/112 316/232/112
f 250/231/113 249/233/113 316/232/113
f 254/234/114 360/235/114 253/236/114
f 144/237/115 362/238/115 258/239/115
f 296/100/116 75/240/116 381/101/116
f 259/216/117 363/215/117 156/241/117
f 104/242/118 30/243/118 86/244/118
f 85/230/119 46/138/119 250/231/119
f 280/245/120 282/168/120 373/246/120
f 163/247/121 175/248/121 344/249/121
f 103/140/122 104/188/122 316/232/122 249/233/122
f 249/233/123 55/141/123 103/140/123
f 87/107/124 244/159/124 317/108/124
f 244/159/125 243/162/125 317/108/125
f 248/250/126 357/251/126 247/252/126
f 146/253/127 359/172/127 252/175/127
f 290/128/128 79/193/128 378/129/128
f 253/236/129 360/235/129 160/254/129
f 153/255/130 26/90/130 88/109/130
f 239/256/131 58/257/131 236/258/131
f 154/164/132 153/255/132 317/108/132 243/162/132
f 272/157/133 89/222/133 369/182/133
f 306/85/134 305/259/134 385/191/134
f 91/134/135 238/260/135 318/135/135
f 93/261/136 94/262/136 366/198/136
f 238/260/137 237/263/137 318/135/137
f 148/203/138 356/264/138 246/265/138
f 85/230/139 316/232/139 86/266/139
f 157/267/140 27/189/140 92/136/140
f 233/268/141 59/269/141 230/270/141
f 158/271/142 157/267/142 318/135/142 237/263/142
f 266/197/143 93/261/143 366/198/143
f 294/272/144 293/273/144 379/274/144
f 95/151/145 232/275/145 319/152/145
f 97/276/146 98/277/146 363/278/146
f 232/275/147 231/279/147 319/152/147
f 152/221/148 353/280/148 240/281/148
f 119/282/149 120/283/149 339/284/149
f 161/285/150 28/205/150 96/153/150
f 227/286/151 60/287/151 224/288/151
f 162/289/152 161/285/152 319/152/152 231/279/152
f 260/290/153 97/276/153 363/278/153
f 288/150/154 287/111/154 376/227/154
f 99/115/155 226/117/155 320/169/155
f 101/291/156 102/292/156 360/235/156
f 226/293/157 225/294/157 320/295/157
f 156/241/158 350/296/158 234/297/158
f 206/298/159 178/299/159 336/300/159
f 165/301/160 29/302/160 100/303/160
f 221/304/161 61/305/161 218/306/161
f 166/173/162 165/301/162 320/295/162 225/294/162
f 284/113/163 83/210/163 375/146/163
f 103/140/164 220/142/164 321/187/164
f 85/230/165 86/266/165 372/228/165
f 220/307/166 219/308/166 321/309/166
f 163/247/167 344/249/167 164/310/167
f 160/254/168 347/311/168 228/312/168
f 200/313/169 182/314/169 333/315/169
f 149/316/170 30/243/170 104/242/170
f 215/317/171 63/318/171 212/319/171
f 150/320/172 149/316/172 321/309/172 219/308/172
f 278/139/173 85/230/173 372/228/173
f 107/321/174 214/322/174 322/323/174
f 214/324/175 213/325/175 322/326/175
f 164/310/176 344/249/176 222/327/176
f 194/328/177 184/329/177 330/330/177
f 118/331/178 31/332/178 108/333/178
f 107/321/179 57/334/179 214/322/179
f 244/159/180 246/265/180 355/335/180
f 123/336/181 65/337/181 197/338/181
f 236/258/182 351/339/182 235/340/182
f 117/341/183 118/331/183 322/342/183 213/343/183
f 213/343/184 62/344/184 117/341/184
f 109/345/185 208/346/185 323/347/185
f 208/346/186 207/348/186 323/347/186
f 212/319/187 339/284/187 211/349/187
f 168/350/188 341/106/188 216/351/188
f 254/234/189 101/291/189 360/235/189
f 115/352/190 326/353/190 116/354/190
f 122/355/191 32/356/191 110/357/191
f 109/345/192 58/257/192 208/346/192
f 238/260/193 240/281/193 352/358/193
f 125/359/194 66/360/194 191/361/194
f 230/270/195 348/362/195 229/363/195
f 121/364/196 122/365/196 323/347/196 207/348/196
f 330/330/197 183/366/197 185/367/197 186/368/197
f 207/348/198 64/369/198 121/364/198
f 111/370/199 202/371/199 324/372/199
f 202/371/200 201/373/200 324/372/200
f 199/374/201 333/315/201 184/375/201
f 170/376/202 338/377/202 210/378/202
f 214/322/203 216/351/203 340/379/203
f 334/380/204 201/373/204 202/371/204
f 124/381/205 33/382/205 112/383/205
f 111/370/206 59/269/206 202/371/206
f 232/275/207 234/297/207 349/384/207
f 224/288/208 113/385/208 345/386/208
f 224/288/209 345/386/209 223/387/209
f 123/336/210 124/381/210 324/372/210 201/373/210
f 201/373/211 65/337/211 123/336/211
f 113/388/212 196/389/212 325/390/212
f 196/389/213 195/391/213 325/390/213
f 193/392/214 330/330/214 186/368/214
f 172/393/215 335/394/215 204/395/215
f 189/396/216 328/397/216 187/398/216
f 126/399/217 34/400/217 114/401/217
f 113/385/218 60/287/218 196/402/218
f 226/117/219 228/312/219 346/403/219
f 218/404/220 342/405/220 217/406/220
f 125/359/221 126/407/221 325/390/221 195/391/221
f 195/391/222 66/360/222 125/359/222
f 115/408/223 190/409/223 326/410/223
f 190/409/224 189/396/224 326/410/224
f 174/411/225 332/412/225 198/413/225
f 219/308/226 343/414/226 217/406/226
f 179/105/227 35/415/227 116/354/227
f 115/408/228 61/305/228 190/409/228
f 220/142/229 222/327/229 343/416/229
f 175/248/230 126/399/230 329/417/230
f 211/349/231 339/284/231 178/418/231
f 180/419/232 179/420/232 326/410/232 189/396/232
f 120/283/233 36/421/233 177/422/233
f 189/396/234 63/318/234 180/419/234
f 188/423/235 186/368/235 327/424/235
f 186/368/236 185/367/236 327/424/236
f 176/425/237 329/426/237 192/427/237
f 119/282/238 63/318/238 187/398/238
f 188/423/239 66/360/239 186/368/239
f 328/397/240 191/361/240 188/423/240 187/398/240
f 113/385/241 114/401/241 345/386/241
f 120/283/242 119/282/242 327/424/242 185/367/242
f 185/367/243 36/421/243 120/283/243
f 194/428/244 65/337/244 184/375/244
f 190/409/245 192/427/245 328/397/245
f 333/429/246 181/430/246 183/366/246 184/329/246
f 187/398/247 327/424/247 119/282/247
f 192/427/248 191/361/248 328/397/248
f 205/431/249 336/300/249 182/432/249
f 184/329/250 183/366/250 330/330/250
f 230/270/251 111/370/251 348/362/251
f 187/398/252 63/318/252 189/396/252
f 126/407/253 125/359/253 329/426/253
f 195/391/254 331/433/254 193/392/254
f 200/313/255 64/434/255 182/314/255
f 192/427/256 61/305/256 176/425/256
f 175/248/257 34/400/257 126/399/257
f 113/385/258 325/435/258 114/401/258
f 206/298/259 336/300/259 205/431/259
f 186/368/260 66/360/260 193/392/260
f 331/433/261 197/436/261 194/328/261 193/392/261
f 111/370/262 112/383/262 348/362/262
f 183/366/263 36/421/263 185/367/263
f 200/313/264 333/315/264 199/374/264
f 196/389/265 198/437/265 331/433/265
f 116/354/266 326/353/266 179/105/266
f 198/413/267 197/338/267 331/438/267
f 188/423/268 327/424/268 187/398/268
f 336/439/269 177/422/269 181/430/269 182/440/269
f 182/440/270 181/430/270 333/429/270
f 236/258/271 109/345/271 351/339/271
f 193/392/272 66/360/272 195/391/272
f 124/381/273 123/336/273 332/412/273
f 201/373/274 334/380/274 199/374/274
f 206/298/275 62/344/275 178/299/275
f 198/413/276 60/441/276 174/411/276
f 173/442/277 33/382/277 124/381/277
f 111/370/278 324/372/278 112/383/278
f 196/443/279 60/441/279 198/413/279
f 223/387/280 345/386/280 105/444/280
f 184/375/281 65/337/281 199/374/281
f 334/380/282 203/445/282 200/313/282 199/374/282
f 109/345/283 110/446/283 351/339/283
f 181/430/284 36/421/284 183/366/284
f 202/371/285 204/395/285 334/380/285
f 114/401/286 325/435/286 126/399/286
f 204/395/287 203/445/287 334/380/287
f 194/328/288 330/330/288 193/392/288
f 339/284/289 120/283/289 177/422/289 178/418/289
f 178/418/290 177/422/290 336/439/290
f 242/447/291 107/321/291 354/448/291
f 199/374/292 65/337/292 201/373/292
f 217/406/293 342/405/293 89/222/293
f 122/355/294 121/449/294 335/394/294
f 329/426/295 125/359/295 191/361/295 192/427/295
f 207/348/296 337/450/296 205/431/296
f 212/319/297 63/318/297 119/282/297
f 204/395/298 59/269/298 172/393/298
f 171/451/299 32/356/299 122/355/299
f 109/345/300 323/347/300 110/446/300
f 202/371/301 59/269/301 204/395/301
f 229/363/302 348/362/302 101/291/302
f 182/432/303 64/369/303 205/431/303
f 337/450/304 209/452/304 206/298/304 205/431/304
f 107/453/305 108/333/305 354/454/305
f 177/422/306 36/421/306 181/430/306
f 190/409/307 61/305/307 192/427/307
f 208/346/308 210/378/308 337/450/308
f 112/383/309 324/372/309 124/381/309
f 210/378/310 209/452/310 337/450/310
f 212/319/311 119/282/311 339/284/311
f 248/250/312 105/444/312 357/251/312
f 205/431/313 64/369/313 207/348/313
f 118/331/314 117/341/314 338/377/314
f 213/455/315 340/456/315 211/349/315
f 210/378/316 58/257/316 170/376/316
f 169/457/317 31/332/317 118/331/317
f 107/321/318 322/323/318 108/458/318
f 235/340/319 351/339/319 97/276/319
f 178/418/320 62/459/320 211/349/320
f 340/456/321 215/317/321 212/319/321 211/349/321
f 105/444/322 106/460/322 357/251/322
f 110/446/323 323/347/323 122/365/323
f 208/346/324 58/257/324 210/378/324
f 274/160/325 276/186/325 370/171/325
f 211/461/326 62/344/326 213/343/326
f 179/105/327 180/462/327 341/106/327
f 340/463/328 213/464/328 214/465/328
f 225/294/329 346/466/329 223/387/329
f 216/351/330 57/334/330 168/350/330
f 167/104/331 35/415/331 179/105/331
f 247/252/332 357/251/332 164/310/332
f 180/419/333 63/318/333 215/317/333
f 241/467/334 354/448/334 93/468/334
f 220/142/335 55/141/335 222/327/335
f 90/223/336 35/415/336 147/469/336
f 175/248/337 176/470/337 344/249/337
f 89/222/338 48/156/338 217/406/338
f 218/306/339 61/305/339 115/408/339
f 343/414/340 221/471/340 218/404/340 217/406/340
f 248/250/341 56/472/341 105/444/341
f 90/223/342 89/222/342 342/405/342 116/354/342
f 108/333/343 322/342/343 118/331/343
f 222/327/344 221/473/344 343/416/344
f 214/322/345 57/334/345 216/351/345
f 276/186/346 275/155/346 370/171/346
f 250/231/347 252/175/347 358/474/347
f 217/406/348 48/156/348 219/308/348
f 175/248/349 329/417/349 176/470/349
f 343/414/350 219/308/350 220/307/350
f 231/279/351 349/384/351 229/363/351
f 222/327/352 55/141/352 164/310/352
f 163/247/353 34/400/353 175/248/353
f 357/251/354 106/460/354 163/247/354 164/310/354
f 176/425/355 61/305/355 221/304/355
f 159/475/356 347/311/356 160/254/356
f 226/117/357 53/116/357 228/312/357
f 106/460/358 34/400/358 163/247/358
f 173/442/359 174/411/359 347/311/359
f 105/444/360 56/472/360 223/387/360
f 224/288/361 60/287/361 113/385/361
f 346/466/362 227/286/362 224/288/362 223/387/362
f 254/234/363 54/476/363 101/291/363
f 106/460/364 105/444/364 345/386/364 114/401/364
f 104/242/365 321/309/365 149/316/365
f 228/312/366 227/477/366 346/403/366
f 242/447/367 354/448/367 241/467/367
f 252/175/368 251/174/368 358/474/368
f 256/211/369 258/239/369 361/478/369
f 223/387/370 56/472/370 225/294/370
f 173/442/371 332/412/371 174/411/371
f 346/466/372 225/294/372 226/293/372
f 237/263/373 352/358/373 235/340/373
f 228/312/374 53/116/374 160/254/374
f 159/475/375 33/382/375 173/442/375
f 360/235/376 102/292/376 159/475/376 160/254/376
f 174/411/377 60/441/377 227/477/377
f 155/479/378 350/296/378 156/241/378
f 232/275/379 51/209/379 234/297/379
f 102/292/380 33/382/380 159/475/380
f 171/451/381 172/393/381 350/296/381
f 101/291/382 54/476/382 229/363/382
f 230/270/383 59/269/383 111/370/383
f 349/384/384 233/268/384 230/270/384 229/363/384
f 260/290/385 52/480/385 97/276/385
f 102/292/386 101/291/386 348/362/386 112/383/386
f 100/303/387 320/295/387 165/301/387
f 234/297/388 233/268/388 349/384/388
f 258/239/389 257/481/389 361/478/389
f 262/194/390 264/219/390 364/204/390
f 229/363/391 54/476/391 231/279/391
f 171/451/392 335/394/392 172/393/392
f 349/384/393 231/279/393 232/275/393
f 243/162/394 355/335/394 241/467/394
f 234/297/395 51/209/395 156/241/395
f 155/479/396 32/356/396 171/451/396
f 363/215/397 98/482/397 155/479/397 156/241/397
f 172/393/398 59/269/398 233/268/398
f 151/483/399 353/280/399 152/221/399
f 238/260/400 49/192/400 240/281/400
f 98/482/401 32/356/401 155/479/401
f 169/457/402 170/376/402 353/280/402
f 97/276/403 52/480/403 235/340/403
f 236/258/404 58/257/404 109/345/404
f 352/358/405 239/256/405 236/258/405 235/340/405
f 266/177/406 50/163/406 93/468/406
f 98/277/407 97/276/407 351/339/407 110/446/407
f 96/153/408 319/152/408 161/285/408
f 240/281/409 239/256/409 352/358/409
f 264/219/410 263/484/410 364/204/410
f 268/179/411 270/485/411 367/486/411
f 235/340/412 52/480/412 237/263/412
f 169/457/413 338/377/413 170/376/413
f 337/450/414 207/348/414 208/346/414
f 279/487/415 373/246/415 277/229/415
f 240/281/416 49/192/416 152/221/416
f 151/483/417 31/332/417 169/457/417
f 366/198/418 94/262/418 151/483/418 152/221/418
f 170/376/419 58/257/419 239/256/419
f 147/469/420 356/264/420 148/203/420
f 244/159/421 47/158/421 246/265/421
f 94/262/422 31/332/422 151/483/422
f 167/104/423 168/350/423 356/264/423
f 93/468/424 50/163/424 241/467/424
f 242/447/425 57/334/425 107/321/425
f 355/335/426 245/488/426 242/447/426 241/467/426
f 272/157/427 48/156/427 89/222/427
f 94/262/428 93/261/428 354/454/428 108/333/428
f 92/136/429 318/135/429 157/267/429
f 246/265/430 245/488/430 355/335/430
f 270/485/431 269/489/431 367/486/431
f 241/467/432 50/163/432 243/162/432
f 167/104/433 341/106/433 168/350/433
f 249/233/434 358/474/434 247/252/434
f 246/265/435 47/158/435 148/203/435
f 147/469/436 35/415/436 167/104/436
f 369/182/437 90/223/437 147/469/437 148/203/437
f 168/350/438 57/334/438 245/488/438
f 277/229/439 372/228/439 75/490/439
f 250/231/440 46/138/440 252/175/440
f 164/310/441 55/141/441 247/252/441
f 358/474/442 251/174/442 248/250/442 247/252/442
f 83/210/443 84/225/443 375/146/443
f 88/109/444 317/108/444 153/255/444
f 247/252/445 55/141/445 249/233/445
f 165/301/446 166/173/446 359/172/446
f 255/213/447 361/478/447 253/236/447
f 252/175/448 46/138/448 146/253/448
f 145/491/449 29/302/449 165/301/449
f 83/210/450 315/212/450 84/225/450
f 166/173/451 56/472/451 251/174/451
f 256/211/452 45/112/452 258/239/452
f 160/254/453 53/116/453 253/236/453
f 361/478/454 257/481/454 254/234/454 253/236/454
f 79/193/455 80/206/455 378/129/455
f 86/266/456 316/232/456 104/188/456
f 117/341/457 62/344/457 209/452/457
f 253/236/458 53/116/458 255/213/458
f 161/285/459 162/289/459 362/238/459
f 261/196/460 364/204/460 259/216/460
f 258/239/461 45/112/461 144/237/461
f 143/492/462 28/205/462 161/285/462
f 79/193/463 314/195/463 80/206/463
f 162/289/464 54/476/464 257/481/464
f 141/493/465 374/167/465 142/166/465
f 262/194/466 43/207/466 264/219/466
f 156/241/467 51/209/467 259/216/467
f 364/204/468 263/484/468 260/214/468 259/216/468
f 75/240/469 76/494/469 381/101/469
f 84/225/470 315/212/470 100/170/470
f 259/216/471 51/209/471 261/196/471
f 157/267/472 158/271/472 365/495/472
f 267/181/473 367/486/473 265/199/473
f 264/219/474 43/207/474 140/217/474
f 139/496/475 27/189/475 157/267/475
f 295/102/476 381/101/476 134/184/476
f 158/271/477 52/480/477 263/497/477
f 268/179/478 39/121/478 270/485/478
f 152/221/479 49/192/479 265/199/479
f 367/486/480 269/489/480 266/197/480 265/199/480
f 73/96/481 312/161/481 74/89/481
f 80/206/482 314/195/482 96/153/482
f 265/199/483 49/192/483 267/181/483
f 153/255/484 154/164/484 368/201/484
f 367/486/485 267/181/485 268/179/485
f 273/165/486 370/171/486 271/183/486
f 270/485/487 39/121/487 132/120/487
f 131/498/488 26/90/488 153/255/488
f 154/164/489 50/163/489 269/176/489
f 274/160/490 40/97/490 276/186/490
f 148/203/491 47/158/491 271/183/491
f 370/171/492 275/155/492 272/157/492 271/183/492
f 296/100/493 41/126/493 75/240/493
f 72/88/494 313/87/494 92/136/494
f 298/81/495 300/499/495 382/500/495
f 271/183/496 47/158/496 273/165/496
f 149/316/497 150/320/497 371/185/497
f 276/186/498 40/97/498 134/184/498
f 133/501/499 30/243/499 149/316/499
f 381/101/500 76/494/500 133/501/500 134/184/500
f 150/320/501 48/156/501 275/155/501
f 127/502/502 380/503/502 128/504/502
f 280/245/503 44/505/503 282/168/503
f 76/494/504 30/243/504 133/501/504
f 145/491/505 146/253/505 374/167/505
f 75/240/506 41/126/506 277/506/506
f 278/139/507 46/138/507 85/230/507
f 373/246/508 281/137/508 278/139/508 277/229/508
f 284/113/509 45/112/509 83/210/509
f 76/507/510 75/490/510 372/228/510 86/266/510
f 74/89/511 312/161/511 88/109/511
f 282/168/512 281/137/512 373/246/512
f 300/499/513 299/508/513 382/500/513
f 283/147/514 375/146/514 142/509/514
f 277/506/515 41/126/515 279/125/515
f 145/491/516 359/172/516 146/253/516
f 285/510/517 376/227/517 283/147/517
f 282/168/518 44/505/518 142/166/518
f 141/493/519 29/302/519 145/491/519
f 375/146/520 84/225/520 141/511/520 142/509/520
f 146/253/521 46/138/521 281/137/521
f 137/512/522 377/149/522 138/148/522
f 286/226/523 42/513/523 288/150/523
f 143/492/524 144/237/524 377/149/524
f 142/514/525 44/67/525 283/515/525
f 376/227/526 287/111/526 284/113/526 283/147/526
f 290/128/527 43/207/527 79/193/527
f 82/65/528 311/64/528 135/154/528
f 289/130/529 378/129/529 138/148/529
f 283/515/530 44/67/530 285/66/530
f 143/492/531 362/238/531 144/237/531
f 291/516/532 379/274/532 289/130/532
f 288/150/533 42/513/533 138/148/533
f 137/512/534 28/205/534 143/492/534
f 378/129/535 80/206/535 137/512/535 138/148/535
f 144/237/536 45/112/536 287/111/536
f 133/501/537 371/185/537 134/184/537
f 292/98/538 37/79/538 294/133/538
f 139/496/539 140/517/539 380/503/539
f 130/71/540 304/73/540 307/75/540
f 138/148/541 42/513/541 289/130/541
f 379/274/542 293/273/542 290/128/542 289/130/542
f 302/220/543 39/121/543 71/86/543
f 78/110/544 310/124/544 82/65/544
f 386/84/545 132/200/545 305/259/545 306/85/545
f 289/130/546 42/513/546 291/516/546
f 380/518/547 140/217/547 293/273/547 294/272/547
f 139/496/548 365/495/548 140/517/548
f 353/280/549 170/376/549 239/256/549 240/281/549
f 77/114/550 310/124/550 78/110/550
f 145/491/551 165/301/551 359/172/551
f 365/495/552 158/271/552 263/497/552 264/519/552
f 297/83/553 382/500/553 295/102/553
f 294/133/554 37/79/554 128/131/554
f 127/502/555 27/189/555 139/496/555
f 129/70/556 25/69/556 135/154/556
f 384/144/557 72/88/557 127/502/557 128/504/557
f 377/149/558 144/237/558 287/111/558 288/150/558
f 140/217/559 43/207/559 293/273/559
f 371/185/560 150/320/560 275/155/560 276/186/560
f 350/296/561 172/393/561 233/268/561 234/297/561
f 298/81/562 38/92/562 300/499/562
f 347/311/563 174/411/563 227/477/563 228/312/563
f 134/184/564 40/97/564 295/102/564
f 169/457/565 118/331/565 338/377/565
f 382/500/566 299/508/566 296/100/566 295/102/566
f 173/442/567 124/381/567 332/412/567
f 362/238/568 162/289/568 257/481/568 258/239/568
f 68/68/569 309/77/569 78/110/569
f 127/502/570 139/496/570 380/503/570
f 344/249/571 176/470/571 221/473/571 222/327/571
f 356/264/572 168/350/572 245/488/572 246/265/572
f 301/520/573 384/144/573 128/504/573
f 295/102/574 40/97/574 297/83/574
f 139/496/575 157/267/575 365/495/575
f 135/154/576 136/118/576 383/74/576
f 137/512/577 143/492/577 377/149/577
f 303/78/578 385/521/578 301/522/578
f 300/103/579 38/72/579 130/71/579
f 382/500/580 297/83/580 298/81/580
f 171/451/581 122/355/581 335/394/581
f 304/190/582 38/92/582 306/85/582
f 131/498/583 132/200/583 386/84/583
f 128/131/584 37/79/584 301/522/584
f 385/523/585 305/122/585 302/220/585 301/520/585
f 143/492/586 161/285/586 362/238/586
f 70/91/587 308/82/587 74/89/587
f 91/134/588 49/192/588 238/260/588
f 131/498/589 153/255/589 368/201/589
f 133/501/590 149/316/590 371/185/590
f 301/522/591 37/79/591 303/78/591
f 129/70/592 135/154/592 383/74/592
f 131/498/593 368/201/593 132/200/593
f 67/76/594 37/79/594 292/98/594
f 70/91/595 131/498/595 386/84/595
f 304/73/596 303/78/596 307/75/596
f 129/70/597 307/75/597 68/68/597
f 385/521/598 303/78/598 304/73/598
f 306/85/599 38/92/599 69/80/599
f 136/127/600 41/126/600 299/508/600
f 305/122/601 39/121/601 302/220/601
f 299/508/602 41/126/602 296/100/602
f 70/91/603 26/90/603 131/498/603
f 293/273/604 43/207/604 290/128/604
f 95/151/605 51/209/605 232/275/605
f 72/88/606 27/189/606 127/502/606
f 263/497/607 52/480/607 260/290/607
f 141/493/608 145/491/608 374/167/608
f 373/524/609 279/145/609 280/143/609
f 80/206/610 28/205/610 137/512/610
f 257/481/611 54/476/611 254/234/611
f 84/225/612 29/224/612 141/511/612
f 251/174/613 56/472/613 248/250/613
f 86/244/614 30/243/614 76/494/614
f 245/488/615 57/334/615 242/447/615
f 361/478/616 255/213/616 256/211/616
f 147/469/617 167/104/617 356/264/617
f 358/474/618 249/233/618 250/231/618
f 151/483/619 169/457/619 353/280/619
f 355/335/620 243/162/620 244/159/620
f 155/479/621 171/451/621 350/296/621
f 352/358/622 237/263/622 238/260/622
f 159/475/623 173/442/623 347/311/623
f 121/449/624 64/434/624 203/445/624
f 108/333/625 31/332/625 94/262/625
f 209/452/626 62/344/626 206/298/626
f 110/357/627 32/356/627 98/482/627
f 203/445/628 64/434/628 200/313/628
f 112/383/629 33/382/629 102/292/629
f 197/338/630 65/337/630 194/428/630
f 114/401/631 34/400/631 106/460/631
f 191/361/632 66/360/632 188/423/632
f 116/354/633 35/415/633 90/223/633
f 216/525/634 215/317/634 340/456/634
f 331/433/635 195/391/635 196/389/635
f 328/397/636 189/396/636 190/409/636
f 374/167/637 146/253/637 281/137/637 282/168/637
f 73/96/638 40/97/638 274/160/638
f 379/208/639 291/99/639 292/98/639
f 368/201/640 154/164/640 269/176/640 270/202/640
f 115/352/641 116/354/641 342/405/641
f 332/412/642 123/336/642 197/338/642 198/413/642
f 335/394/643 121/449/643 203/445/643 204/395/643
f 338/377/644 117/341/644 209/452/644 210/378/644
f 218/404/645 115/352/645 342/405/645
f 341/106/646 180/462/646 215/526/646 216/351/646
f 219/308/647 48/156/647 150/320/647
f 225/294/648 56/472/648 166/173/648
f 231/279/649 54/476/649 162/289/649
f 237/263/650 52/480/650 158/271/650
f 273/165/651 47/158/651 87/107/651
f 291/99/652 42/178/652 77/114/652
